Payment #, Payment date, Remaining amount, Principal payment, Interest payment, Total payment, Interest rate
1,4/15/2017,5000,185.36,50,235.36,12,
2,5/15/2017,4814.64,187.21,48.15,235.36,12,
3,6/15/2017,4627.43,189.09,46.27,235.36,12,
4,7/15/2017,4438.34,190.98,44.38,235.36,12,
5,8/15/2017,4247.36,192.89,42.47,235.36,12,
6,9/15/2017,4054.47,194.82,40.54,235.36,12,
7,10/15/2017,3859.65,196.76,38.6,235.36,12,
8,11/15/2017,3662.89,198.74,36.63,235.36,12,
9,12/15/2017,3464.15,200.73,34.64,235.36,12,
10,1/15/2018,3263.42,202.74,32.63,235.36,12,
11,2/15/2018,3060.68,204.75,30.61,235.36,12,
12,3/15/2018,2855.93,206.81,28.56,235.36,12,
13,4/15/2018,2649.12,208.88,26.49,235.36,12,
14,5/15/2018,2440.24,210.97,24.4,235.36,12,
15,6/15/2018,2229.27,213.08,22.29,235.36,12,
16,7/15/2018,2016.19,215.21,20.16,235.36,12,
17,8/15/2018,1800.98,217.36,18.01,235.36,12,
18,9/15/2018,1583.62,219.53,15.84,235.36,12,
19,10/15/2018,1364.09,221.73,13.64,235.36,12,
20,11/15/2018,1142.36,223.95,11.42,235.36,12,
21,12/15/2018,918.41,226.19,9.18,235.36,12,
22,1/15/2019,692.22,228.45,6.92,235.36,12,
23,2/15/2019,463.76,230.72,4.64,235.36,12,
24,3/15/2019,233.04,233.04,2.33,235.37,12,
Payment #, Payment date, Remaining amount, Principal payment, Interest payment, Total payment, Interest rate
1,4/15/2017,5000,185.36,50,235.36,12,
2,5/15/2017,4814.64,187.21,48.15,235.36,12,
3,6/15/2017,4627.43,189.09,46.27,235.36,12,
4,7/15/2017,4438.34,190.98,44.38,235.36,12,
5,8/15/2017,4247.36,192.89,42.47,235.36,12,
6,9/15/2017,4054.47,199.34,30.41,229.75,9,
7,10/15/2017,3855.13,200.84,28.91,229.75,9,
8,11/15/2017,3654.29,202.34,27.41,229.75,9,
9,12/15/2017,3451.95,203.86,25.89,229.75,9,
10,1/15/2018,3248.09,205.39,24.36,229.75,9,
11,2/15/2018,3042.7,206.93,22.82,229.75,9,
12,3/15/2018,2835.77,208.48,21.27,229.75,9,
13,4/15/2018,2627.29,210.06,19.7,229.75,9,
14,5/15/2018,2417.23,211.63,18.13,229.75,9,
15,6/15/2018,2205.6,213.22,16.54,229.75,9,
16,7/15/2018,1992.38,214.81,14.94,229.75,9,
17,8/15/2018,1777.57,216.43,13.33,229.75,9,
18,9/15/2018,1561.14,218.05,11.71,229.75,9,
19,10/15/2018,1343.09,219.69,10.07,229.75,9,
20,11/15/2018,1123.4,221.33,8.43,229.75,9,
21,12/15/2018,902.07,222.99,6.77,229.75,9,
22,1/15/2019,679.08,224.67,5.09,229.75,9,
23,2/15/2019,454.41,226.35,3.41,229.75,9,
24,3/15/2019,228.06,228.06,1.71,229.77,9,
